604
610
228
576
835
184
184
839
584
405
647
206
737
544
604
836
853
195
721
408
150
363
664
951
959
996
749
107
198
515
959
47
154
853
228
154
616
56
350
859
257
410
575
745
808
748
838
701
398
824
717
464
949
702
64
326
217
673
422
429
844
443
988
156
15
181
714
430
651
419
137
290
20
13
75
24
154
117
735
249
965
367
800
432
875
771
61
872
834
998
195
145
297
383
324
103
514
726
90
249
856
556
344
365
533
9
543
652
346
557
508
288
640
970
248
650
770
95
567
943
851
661
742
222
461
677
860
610
260
518
847
725
515
329
848
853
224
54
65
545
891
972
18
5
523
651
343
85
897
825
102
339
658
287
382
228
236
702
484
916
735
211
868
544
2
385
590
371
847
897
391
241
764
757
664
643
91
541
563
414
546
904
833
220
420
176
693
446
381
871
808
858
346
131
814
448
474
203
481
426
236
258
426
489
391
359
125
532
963
978
115
327
941
304
974
26
8
642
573
901
246
330
15
12
805
3
283
728
715
743
836
39
650
617
453
885
83
722
240
990
528
979
280
189
479
943
381
943
716
538
31
663
274
316
721
166
969
976
475
894
735
799
932
996
560
771
885
525
801
836
708
463
221
720
300
254
195
689
339
56
205
894
872
77
530
156
891
386
160
716
693
501
331
517
744
343
447
871
425
581
632
152
963
664
171
716
6
649
705
3
156
930
840
667
669
803
942
604
114
647
281
419
40
363
465
188
156
482
177
129
347
113
397
429
256
215
452
578
541
504
629
949
403
829
219
38
409
333
960
933
622
681
834
561
727
22
40
4
234
299
162
500
468
189
277
314
23
330
268
370
511
503
915
765
588
620
696
150
201
647
690
211
809
127
257
53
648
334
391
934
547
430
129
425
785
178
29
619
244
152
724
649
487
712
631
497
703
500
755
613
384
922
10
177
125
600
402
926
460
989
222
990
118
400
715
117
13
249
304
905
290
251
31
815
807
580
116
395
725
156
181
630
155
230
334
973
334
392
737
137
456
735
156
94
447
580
326
134
314
40
27
491
560
84
582
267
952
199
621
841
391
878
380
313
9
362
382
919
290
452
670
319
617
574
479
137
817
468
228
279
51
845
171
338
622
12
794
889
857
910
199
220
437
727
909
79
273
896
594
239
333
798
155
649
532
272
861
549
943
275
650
69
972
80
222
970
921
529
840
909
124
444
30
205
16
526
157
322
937
575
818
802
505
68
812
133
24
128
471
702
697
636
313
347
845
24
972
338
55
899
663
215
635
836
273
79
483
473
371
892
937
271
266
831
921
850
536
384
320
757
580
845
529
902
750
174
407
739
394
762
642
622
576
816
402
287
850
701
835
765
444
842
912
910
967
640
980
870
652
113
346
67
126
476
677
613
198
43
135
564
803
236
756
274
758
130
911
624
339
173
191
324
887
656
123
220
684
903
515
400
235
101
626
694
674
140
107
324
923
961
613
658
744
753
826
357
900
602
641
704
73
802
667
890
317
58
905
216
105
258
123
89
517
271
368
635
331
330
614
601
997
493
680
680
796
931
466
876
111
464
966
206
917
815
96
843
501
29
265
491
963
908
218
248
679
908
829
54
801
590
442
404
531
933
478
563
80
444
533
503
974
786
671
1000
244
236
863
133
369
34
676
212
42
236
196
162
630
79
925
266
484
596
638
914
643
782
904
939
248
131
312
461
53
412
322
260
348
305
56
460
869
983
570
849
384
628
745
181
641
796
906
720
462
127
296
17
212
241
796
787
288
847
400
690
397
618
109
942
594
165
515
246
419
191
150
376
297
111
283
999
385
5
405
864
479
874
537
337
273
79
413
359
956
779
741
75
470
495
344
470
6
197
4
521
618
414
595
351
279
601
637
5
899
914
953
430
697
314
415
717
112
250
12
741
209
719
328
312
475
490
498
893
941
488
563
84
643
439
537
689
440
687
360
982
651
369
74
181
133
505
61
841
766
647
238
660
446
202
999
406
73
996
536
816
153
753
450
439
86
272
497
171
703
415
417
407
283
336
911
74
803
595
114
797
148
571
241
368
857
730
167
561
830
14
737
589
286
880
497
662
498
580
676
366
898
25
261
326
487
398
339
312
552
68
950
89
685
453
536
139
49
882
807
893
712
473
967
276
801
50
893
731
957
190
155
660
375
1000
130
657
634
908
590
965
502
94
282
582
142
264
318
864
527
206
736
156
747
530
736
850
800
259
421
213
577
915
3
28
402
490
59
419
759
313
115
636
531
488
909
730
985
805
730
366
631
294
331
638
710
759
181
778
20
490
172
946
317
451
426
920
411
611
75
373
142
245
573
54
312
905
840
843
929
745
840
975
692
709
251
147
293
952
751
270
345
91
224
127
707
136
588
238
571
817
78
116
164
629
51
615
295
795
3
6
497
547
854
320
128
134
614
448
196
102
473
996
463
69
627
81
211
661
571
968
70
631
701
634
762
85
732
535
109
643
783
83
383
123
387
896
238
783
254
836
989
930
371
254
534
946
676
4
503
713
578
622
495
634
673
448
179
27
780
535
664
269
136
948
838
101
570
436
595
202
597
543
95
141
383
533
241
850
276
641
96
960
437
894
869
325
900
976
807
201
567
435
436
472
173
241
462
54
842
257
585
15
954
266
467
92
693
752
302
31
825
552
610
504
793
641
108
939
166
68
694
434
360
757
778
550
203
958
917
346
942
48
795
674
207
681
940
360
198
267
705
999
356
111
356
765
837
512
545
493
803
227
27
19
120
851
824
432
156
30
435
415
532
459
213
438
953
577
531
672
332
95
867
277
591
888
325
521
62
311
353
600
459
822
965
651
148
960
717
304
929
19
408
487
137
48
912
29
839
640
15
569
765
749
314
834
238
326
85
297
14
189
980
720
147
506
634
218
537
982
135
663
893
871
267
1000
282
866
397
481
455
652
156
274
453
218
556
787
656
521
251
389
141
207
153
359
696
745
57
281
593
998
643
762
534
552
807
54
555
817
152
238
993
765
733
665
848
668
120
756
309
595
688
985
323
834
589
560
573
738
130
484
300
136
86
875
404
412
30
646
633
354
515
216
140
122
268
65
827
745
463
215
305
404
516
944
958
377
111
758
719
976
5
642
621
808
784
35
560
978
504
115
591
921
949
694
800
77
831
724
577
654
725
692
225
867
639
780
162
307
146
907
841
285
771
880
851
415
900
890
956
201
702
258
812
889
660
31
12
892
106
874
928
608
116
384
144
62
327
521
786
295
379
888
344
896
366
181
171
297
416
116
283
153
370
172
52
182
221
40
946
838
375
50
562
399
524
288
456
755
875
115
438
988
698
563
917
582
962
925
146
917
373
100
432
328
232
99
338
667
65
95
464
808
191
838
896
546
146
248
712
796
975
570
945
76
985
911
992
475
262
500
512
57
104
197
167
945
858
909
572
408
138
557
491
753
166
582
696
168
825
372
47
21
118
589
536
936
235
779
988
670
217
803
416
600
527
968
838
287
437
802
536
471
953
568
81
577
196
17
883
153
715
494
464
19
594
785
810
6
497
795
792
958
293
415
438
739
833
622
591
820
425
581
482
837
610
780
421
959
629
827
324
176
128
583
828
641
549
693
330
767
85
519
129
642
484
915
638
345
735
169
907
926
705
679
400
312
933
862
597
838
662
628
966
1000
354
564
316
705
946
501
81
561
516
831
946
711
853
35
727
405
982
799
74
434
483
747
393
477
203
995
127
171
93
647
608
979
696
839
476
133
321
786
198
110
953
614
647
457
626
412
431
448
113
454
970
88
242
336
326
961
861
599
91
747
438
864
498
320
201
492
638
553
762
833
205
660
550
606
499
431
860
995
801
468
936
958
102
231
725
409
309
747
433
940
826
459
314
634
629
595
241
54
316
297
925
667
339
539
158
532
420
473
326
685
216
777
423
875
663
690
220
633
341
287
228
215
47
207
876
777
404
217
31
345
622
573
655
158
717
918
582
25
824
867
308
418
815
188
46
519
833
256
870
343
489
437
808
314
462
229
161
516
231
610
450
935
711
989
219
751
382
166
390
944
220
18
910
777
84
963
533
306
192
824
653
489
281
142
122
227
923
969
599
296
590
647
646
601
944
81
615
895
978
612
531
764
219
657
497
919
110
50
170
931
394
715
671
468
750
429
186
657
56
462
559
185
591
720
917
427
886
614
827
835
605
166
451
887
381
717
984
571
251
430
397
473
880
225
316
302
631
244
900
874
763
170
186
785
183
105
726
783
213
839
74
420
314
654
673
243
323
539
482
309
825
873
72
51
531
271
662
820
473
659
985
176
18
772
187
161
155
834
104
542
922
327
838
32
182
504
541
160
436
143
658
85
700
347
460
103
666
214
149
55
371
197
144
662
631
597
6
504
238
45
42
203
108
343
401
986
682
775
817
49
512
637
753
514
768
573
155
481
444
778
716
350
397
265
767
57
804
556
404
234
903
361
858
505
89
134
902
873
629
396
349
962
31
7
259
754
460
321
413
640
950
378
297
614
479
107
714
318
181
409
252
84
593
189
680
93
395
604
394
831
518
291
65
418
253
19
754
205
448
28
133
28
619
135
799
962
225
813
801
326
391
895
269
322
629
343
557
784
881
545
560
787
344
954
513
766
810
583
159
817
441
567
523
576
364
691
712
364
362
225
267
348
635
187
505
190
496
630
524
373
852
221
740
729
412
105
31
847
441
894
919
794
265
892
320
862
205
407
941
705
901
61
147
766
498
39
143
346
74
534
320
761
645
465
718
815
479
727
557
252
465
253
778
629
880
125
231
788
38
872
901
526
499
484
143
743
887
549
911
863
262
304
335
974
446
186
380
107
467
964
110
341
714
427
689
114
901
753
52
420
330
436
433
739
398
888
418
350
150
769
764
905
613
712
45
557
516
622
270
332
155
527
534
583
493
33
130
438
680
752
37
799
45
892
510
256
115
271
655
101
857
446
582
15
924
954
144
293
442
816
437
641
24
883
797
24
866
364
945
742
747
216
210
359
710
200
192
628
806
339
933
766
376
738
581
426
181
407
891
205
215
584
149
971
847
550
631
993
874
885
909
320
225
203
50
568
339
413
175
300
827
362
216
829
916
562
85
368
775
215
563
750
201
185
128
407
863
716
12
604
643
199
676
382
248
129
879
676
715
431
210
718
934
683
511
217
436
521
508
631
143
11
587
718
640
767
279
97
67
995
534
682
752
342
818
264
982
331
214
726
688
188
166
733
861
947
20
953
671
91
630
913
578
930
202
55
810
517
562
240
280
44
263
778
656
593
484
444
37
283
253
927
897
50
357
936
305
42
248
542
648
668
118
970
51
385
997
431
342
693
529
555
40
526
215
644
985
441
990
67
254
198
582
704
522
896
372
199
586
380
440
969
98
834
809
263
86
610
387
267
670
990
693
617
673
673
126
709
92
163
150
512
516
27
407
197
565
466
421
630
196
112
598
592
590
803
339
657
951
567
59
151
441
923
653
969
909
720
666
484
223
352
695
537
336
195
746
57
759
44
644
902
824
356
316
507
95
310
166
437
655
852
624
862
391
15
732
782
671
220
641
871
928
876
320
441
676
803
806
595
331
773
341
410
434
970
368
107
510
567
248
615
248
888
578
801
473
872
23
976
180
94
555
581
965
485
60
518
673
775
879
782
60
824
724
843
935
22
269
361
766
791
968
30
90
425
17
229
865
733
118
483
415
610
471
715
966
759
478
307
803
628
356
646
113
716
1000
912
441
295
812
717
271
976
19
527
644
522
361
686
177
240
949
859
73
538
871
532
469
775
87
376
585
64
539
734
616
784
948
226
901
228
349
551
380
121
65
439
962
843
134
414
392
758
372
518
956
671
946
955
616
814
821
206
924
537
101
170
831
129
539
189
487
491
42
183
952
807
440
396
755
80
927
621
628
527
409
471
207
809
709
930
876
481
875
495
312
783
779
498
30
976
705
780
561
667
781
134
313
58
286
494
226
678
773
624
436
90
854
621
595
825
644
666
87
803
371
87
209
36
331
799
898
48
231
435
939
851
692
389
744
684
120
879
791
608
212
641
856
583
135
663
788
619
58
879
489
846
210
283
104
841
375
82
661
144
511
182
424
941
811
662
350
271
720
669
573
30
346
582
492
943
684
705
488
428
636
612
70
855
143
715
899
308
231
503
6
686
701
293
354
838
36
947
101
626
810
714
271
344
256
368
590
373
526
196
290
554
274
527
873
56
182
597
54
46
390
145
533
942
526
342
975
531
130
313
959
487
387
141
901
455
130
747
286
518
877
791
581
849
420
910
712
374
928
799
149
345
807
481
725
261
47
823
7
685
304
154
743
26
320
521
29
921
740
476
546
275
764
319
609
617
6
645
507
490
411
140
272
439
373
626
29
735
635
929
91
562
956
705
668
446
125
948
984
802
773
494
949
940
882
803
79
637
924
736
840
508
267
432
693
431
165
927
733
365
97
441
589
95
453
220
684
697
686
661
837
756
313
681
665
576
527
698
139
782
986
781
438
975
413
185
817
821
762
313
847
682
497
960
636
568
433
266
940
917
76
951
216
980
418
801
144
624
586
827
818
526
644
23
143
311
500
382
152
237
757
616
269
271
644
720
71
415
110
463
599
94
238
256
76
636
282
99
793
329
465
619
1000
308
700
421
940
810
825
996
671
134
392
354
985
175
7
823
832
426
505
62
578
238
639
18
149
400
281
989
988
911
119
20
977
288
556
705
300
250
51
221
291
71
33
775
292
669
436
452
937
510
67
449
512
952
576
762
232
735
42
379
6
677
467
230
345
821
132
738
556
435
655
37
404
508
351
34
508
224
923
232
699
502
350
271
44
736
62
471
114
537
299
375
724
824
984
286
141
353
283
903
835
541
520
373
323
885
812
990
29
585
978
243
583
724
310
966
727
861
421
992
259
740
695
897
727
756
621
53
492
267
262
41
220
289
673
342
242
870
587
147
251
396
657
499
551
547
740
960
518
656
330
940
575
326
617
819
883
689
984
774
570
363
115
809
312
830
955
42
552
594
299
321
452
183
947
164
873
224
553
495
188
489
40
317
914
595
880
567
288
680
911
445
654
470
142
318
565
986
124
635
679
477
456
373
162
73
689
287
247
885
667
7
322
59
167
682
683
405
131
5
455
377
613
354
657
721
948
703
412
668
271
909
654
866
997
114
499
794
9
486
874
719
800
356
634
857
545
563
599
712
772
867
746
961
174
470
545
690
952
807
898
118
403
656
502
822
224
331
446
695
373
121
416
392
756
882
566
311
377
635
935
933
155
646
767
805
210
951
477
538
25
975
264
135
696
308
219
38
481
891
716
798
387
489
248
318
151
374
858
432
996
829
484
822
161
828
2
416
294
771
14
430
109
183
314
435
448
338
917
982
308
250
897
49
76
276
230
484
615
752
763
336
718
144
944
377
439
816
78
722
66
521
739
440
812
384
560
855
7
24
518
226
543
479
538
603
499
319
508
935
627
88
549
600
104
629
650
820
210
663
385
620
40
259
638
139
380
277
980
469
21
156
532
882
192
606
415
958
831
67
195
472
760
37
566
316
15
350
116
956
626
799
169
244
329
778
451
228
465
997
508
476
205
429
107
638
566
100
402
252
861
823
665
668
361
38
928
106
83
101
770
694
28
16
692
6
17
993
580
596
80
406
110
979
335
839
951
690
213
87
928
183
360
774
784
161
420
832
917
843
755
931
231
839
595
207
665
21
387
426
192
552
571
548
443
134
341
612
409
962
129
728
750
550
822
21
349
817
654
930
146
584
866
415
115
977
916
816
924
908
477
457
94
336
480
228
467
607
30
559
423
435
404
537
102
913
175
999
28
924
572
917
343
829
670
406
888
873
123
217
738
921
665
6
329
786
342
909
715
869
404
276
667
139
675
80
500
248
84
574
172
982
960
404
898
285
607
294
266
10
183
421
447
334
809
468
157
136
746
8
436
386
437
664
509
861
11
818
129
605
143
618
639
757
91
97
113
154
890
170
529
933
618
668
630
598
159
22
308
617
848
996
419
861
551
132
433
426
59
76
845
536
383
2
461
927
241
955
45
421
911
439
137
93
557
381
651
98
572
470
867
961
531
17
7
722
31
376
212
329
216
739
480
421
101
837
349
595
148
864
486
96
121
549
365
857
894
518
190
46
744
595
333
146
118
804
630
372
425
198
459
935
626
469
596
6
760
819
681
638
430
388
861
997
582
625
805
873
885
652
47
42
728
657
155
170
652
552
650
320
820
131
908
834
664
776
38
815
596
752
203
885
964
795
491
524
299
393
342
33
333
692
855
665
777
121
636
986
356
279
648
190
339
916
74
238
941
821
213
542
371
80
502
528
494
255
637
962
430
981
255
464
341
126
18
660
760
902
550
786
142
618
757
140
862
262
631
830
353
147
29
744
904
330
373
71
443
634
688
366
297
983
899
632
101
273
556
450
692
719
348
992
485
394
325
429
832
284
761
248
168
237
982
6
672
375
303
927
712
140
588
162
164
749
823
819
758
388
98
380
796
648
496
608
250
669
53
459
656
977
295
221
721
204
370
964
396
777
697
493
438
952
396
796
199
623
814
396
556
714
464
766
94
973
653
51
469
936
314
56
800
835
512
868
493
520
895
102
314
924
136
443
19
444
304
193
124
831
218
883
139
329
596
895
926
727
120
677
77
299
377
899
15
690
416
912
338
326
419
19
765
618
181
449
173
59
924
219
93
878
561
812
830
633
397
689
876
124
27
685
557
42
254
76
308
835
425
341
264
938
277
308
552
351
104
887
599
956
215
63
192
67
789
360
452
417
506
718
311
814
274
629
409
159
803
729
382
435
240
968
111
192
43
952
442
273
824
726
300
879
41
671
929
913
401
420
175
410
975
810
851
910
739
319
118
54
767
739
735
94
694
960
250
991
27
219
949
771
429
966
426
882
414
794
976
37
407
420
272
193
877
507
212
206
388
401
699
117
641
777
965
82
357
466
158
111
603
804
813
947
771
171
44
928
425
90
917
640
344
345
771
11
213
681
498
96
765
853
485
336
101
972
798
395
141
872
788
97
585
510
585
228
94
104
556
77
359
846
275
798
50
766
883
164
426
777
907
283
994
15
753
436
8
996
625
283
838
41
360
329
664
483
652
417
681
248
663
164
989
220
426
987
614
987
204
538
293
83
577
112
890
524
217
854
338
385
358
534
352
819
657
362
16
906
273
672
171
688
62
234
277
387
342
844
801
606
422
644
268
8
191
764
199
690
161
336
364
712
844
318
558
669
714
64
142
899
799
861
90
866
912
683
506
302
387
546
8
663
129
4
558
469
542
508
22
303
641
729
229
798
5
870
542
333
109
413
795
25
317
80
812
617
276
751
236
915
699
207
264
480
427
652
817
67
202
610
522
206
228
750
400
839
124
616
550
928
229
51
1000
623
451
290
554
174
884
622
207
281
720
678
766
696
873
633
955
866
550
439
281
796
306
874
381
36
937
218
120
484
458
985
429
978
810
317
511
66
626
46
835
298
736
981
894
288
509
367
148
612
674
907
200
132
570
179
65
841
945
613
750
110
767
722
96
724
969
149
836
838
926
120
975
828
498
522
251
590
115
84
221
438
607
106
596
439
457
420
806
893
789
773
958
36
315
139
149
196
24
629
393
337
529
557
194
116
896
64
374
427
745
688
458
615
255
137
974
830
148
10
123
594
361
57
7
936
835
571
806
775
128
267
199
811
466
584
717
96
667
437
852
745
717
988
258
860
550
44
900
150
263
870
730
773
316
63
626
872
488
879
513
546
741
412
33
470
470
435
903
824
656
709
410
802
930
796
50
214
27
736
856
21
61
587
220
652
634
819
933
941
33
570
158
340
607
164
512
163
343
530
891
40
509
629
537
263
143
474
667
573
961
887
950
822
310
509
121
576
900
586
207
934
551
702
438
243
940
389
73
368
750
24
7
721
255
502
420
302
427
118
460
949
787
29
597
567
584
449
817
863
380
96
723
913
407
989
614
845
762
748
972
538
544
259
428
335
753
730
269
224
768
733
282
168
736
201
599
827
907
328
895
966
325
259
144
678
539
77
349
555
389
896
377
824
154
911
294
229
249
18
170
861
104
455
676
837
3
361
414
704
182
282
927
830
17
48
319
24
174
275
922
925
52
837
984
464
412
309
26
110
320
199
807
327
39
431
644
755
545
936
798
893
825
705
608
902
17
155
956
162
243
497
312
299
276
607
571
748
890
370
794
937
65
355
945
79
140
649
795
929
227
285
64
477
256
548
677
71
295
21
437
462
620
959
845
226
824
848
731
647
163
920
33
808
977
794
137
770
932
541
673
333
755
15
158
295
689
782
817
607
889
812
314
566
863
930
753
940
712
355
35
677
167
962
361
923
548
648
948
975
444
667
692
40
7
28
19
622
192
194
556
941
568
85
884
28
614
127
63
953
502
394
321
226
26
5
99
826
964
172
878
559
823
978
302
92
548
445
133
219
982
690
908
251
803
750
762
484
324
36
543
435
317
970
59
677
832
71
407
266
933
479
507
128
795
632
410
829
288
92
758
188
648
732
931
178
122
7
204
635
425
553
398
366
154
342
617
779
430
524
906
131
261
250
752
848
332
847
628
237
695
71
318
939
341
76
296
37
295
13
296
497
190
594
172
208
707
711
377
550
387
13
64
948
39
161
303
605
334
224
397
229
277
196
559
685
949
837
841
365
623
311
564
905
193
534
776
800
191
557
128
343
966
444
659
465
460
430
782
21
968
689
584
841
237
292
91
718
136
694
846
464
967
915
75
311
859
10
722
802
13
253
768
264
213
295
968
866
657
671
565
440
128
617
584
891
193
175
364
157
965
375
172
222
870
746
669
181
929
549
814
898
21
604
592
734
769
628
714
608
909
828
357
760
718
322
486
928
307
775
105
700
472
255
992
318
504
240
293
507
661
62
994
948
486
93
227
491
32
99
201
243
911
91
362
794
428
783
232
766
917
58
81
270
382
661
26
471
535
644
577
994
414
566
271
883
414
710
297
836
7
812
544
49
551
478
536
250
5
119
487
383
256
696
557
687
564
189
285
895
796
723
862
134
696
510
654
692
907
886
779
903
803
739
733
862
453
645
512
904
570
439
800
603
173
788
967
247
682
821
303
28
995
68
591
396
242
768
130
499
647
389
848
117
876
772
80
210
836
3
890
892
889
284
467
451
281
379
917
485
579
841
485
33
277
247
801
793
112
162
846
895
688
14
1000
904
249
508
890
440
524
802
148
502
746
411
158
453
622
270
671
66
445
808
299
968
357
537
161
75
612
485
774
677
346
759
75
649
300
829
803
645
957
268
4
262
84
38
33
929
195
819
950
679
789
622
133
889
358
163
219
103
889
982
85
562
737
585
893
534
76
304
170
106
24
727
351
110
279
739
308
484
7
778
758
367
417
588
565
147
84
563
131
85
47
311
877
836
954
339
513
220
136
718
167
240
952
819
354
72
465
164
256
693
467
746
393
752
411
733
72
348
899
767
624
496
583
812
192
955
820
913
526
806
687
708
267
266
809
538
346
164
774
555
238
71
891
837
399
936
292
517
859
603
441
668
652
72
438
762
504
887
940
837
321
585
933
130
340
950
802
575
621
561
253
693
807
78
869
820
133
784
660
631
189
545
976
106
664
135
713
747
669
520
335
726
975
598
46
73
885
394
960
484
471
380
228
850
530
817
571
447
160
62
377
355
240
867
640
143
720
883
747
649
375
1
580
201
305
631
487
392
448
963
437
486
359
843
414
21
857
414
127
35
118
903
229
636
278
738
373
892
772
559
780
165
693
358
928
81
948
649
957
920
549
127
140
128
486
896
810
99
679
691
674
953
911
495
767
686
357
658
334
402
880
922
55
460
760
816
506
869
15
923
930
903
165
574
319
160
943
21
256
20
359
254
521
520
615
512
268
75
91
828
275
276
955
51
597
402
303
166
396
396
513
242
651
877
201
921
727
774
926
44
365
898
522
736
738
343
181
154
248
630
518
29
491
228
480
706
153
713
529
391
108
739
390
144
411
805
75
159
422
341
276
564
636
20
380
481
239
703
194
764
239
259
366
211
384
226
29
444
370
347
579
362
753
911
211
580
718
279
189
531
483
664
780
228
375
96
359
370
687
342
116
764
117
827
94
505
398
583
810
225
503
413
743
347
935
49
958
640
721
842
70
468
940
349
584
247
523
651
516
574
205
506
493
193
147
178
300
568
351
960
406
773
705
785
840
739
712
59
755
266
764
898
644
70
701
136
965
134
613
652
129
682
806
747
274
829
504
568
26
266
751
708
430
745
441
151
603
880
578
21
243
220
173
796
755
819
173
34
724
815
302
617
629
437
635
91
131
489
448
689
319
938
99
978
442
248
446
389
558
533
435
759
399
350
342
226
224
995
103
20
724
468
585
749
511
742
653
660
75
132
355
56
979
813
38
402
549
632
279
505
493
112
304
695
258
433
943
912
655
505
438
620
507
555
60
399
557
825
564
419
12
35
517
785
547
718
478
277
990
221
69
764
996
541
658
430
144
316
994
197
146
884
544
271
143
284
844
120
329
288
112
535
555
89
689
211
802
671
372
167
122
858
997
569
592
557
818
30
435
81
176
947
172
369
613
293
66
790
224
461
249
98
906
705
672
9
944
315
448
582
310
981
571
614
614
418
217
802
172
698
31
901
959
855
955
710
551
570
187
957
734
208
206
619
987
510
272
517
204
646
75
915
509
476
747
644
450
222
73
912
575
397
927
681
654
718
622
168
827
752
307
901
134
361
572
22
291
778
263
183
903
183
777
503
814
159
799
130
724
86
738
498
705
884
357
794
859
802
593
742
187
73
882
297
335
923
353
240
927
718
210
724
352
389
773
213
438
2
743
321
355
872
469
137
157
185
469
447
290
359
578
693
336
35
522
117
972
913
843
357
106
827
560
293
590
4
670
606
211
929
15
124
96
112
373
525
842
195
825
648
58
660
675
633
821
603
986
220
222
111
472
622
660
974
130
991
722
942
454
824
734
503
119
299
716
558
1000
106
551
281
929
159
395
149
626
452
439
862
813
95
452
893
611
694
331
721
448
883
432
161
219
423
796
690
772
202
311
265
250
915
510
246
794
160
722
380
7
420
960
2
805
886
860
868
302
751
59
364
42
849
758
619
70
661
156
197
456
308
77
567
861
568
741
202
171
534
297
381
454
949
291
409
572
64
599
955
336
510
441
416
159
200
508
980
868
824
949
552
864
487
502
270
663
174
909
769
873
102
751
394
824
51
668
855
343
320
12
136
39
379
773
987
716
610
210
341
639
437
812
855
568
317
392
5
722
185
306
264
23
285
521
914
739
789
53
924
869
467
590
256
108
799
451
271
677
817
241
202
852
122
258
298
511
904
282
30
729
775
5
146
629
363
995
675
706
334
708
414
991
981
759
753
500
163
87
690
866
871
781
587
244
686
787
325
207
474
836
772
990
30
264
907
37
836
839
446
135
516
353
918
83
37
72
584
37
134
359
92
397
950
61
395
438
655
765
929
179
972
861
173
558
88
732
469
822
567
998
159
28
372
64
374
863
847
272
236
447
825
83
988
486
962
19
127
869
986
201
898
532
486
917
206
361
389
702
999
309
973
358
559
657
456
174
173
939
702
597
507
610
188
187
632
937
514
893
855
101
354
65
838
842
786
796
626
314
159
936
401
769
601
419
180
861
377
417
577
518
391
532
892
417
321
87
559
822
496
705
792
727
433
209
301
661
12
691
270
869
883
191
727
779
31
865
607
753
622
639
754
852
493
744
115
561
883
181
481
521
770
483
334
188
743
969
107
606
301
914
388
907
562
84
161
706
143
896
977
984
466
701
627
947
953
198
627
586
565
390
647
930
451
178
489
304
918
461
155
124
349
63
289
951
455
4
568
905
637
526
955
124
424
952
958
917
496
782
309
732
348
829
215
333
794
104
957
859
705
465
112
113
1
324
497
987
979
584
529
643
660
992
871
236
965
648
418
454
168
275
618
552
107
116
277
211
50
959
327
263
844
956
607
931
79
610
396
830
206
89
69
993
180
971
669
498
732
2
11
106
411
200
879
648
845
755
717
984
435
43
911
254
288
203
9
323
782
112
528
137
858
3
162
855
262
277
156
619
809
81
710
720
204
490
227
666
225
590
251
974
516
758
675
536
868
483
195
905
891
230
751
660
839
173
724
216
815
664
276
537
172
500
722
148
951
748
17
349
189
80
665
826
545
908
17
200
412
37
256
710
518
661
698
126
398
846
327
781
811
774
889
990
68
736
850
886
411
265
869
367
185
97
847
311
275
967
29
346
996
322
353
255
870
634
394
370
847
363
572
112
578
187
275
714
553
574
289
135
855
573
925
841
119
25
706
601
885
34
352
727
564
907
806
461
362
103
298
114
601
572
305
689
231
727
589
933
925
975
229
809
185
3
238
478
292
226
442
185
463
603
970
997
87
62
914
303
910
723
944
428
700
917
883
336
261
863
697
539
418
679
57
773
36
492
799
377
286
371
17
644
65
16
396
733
990
362
648
44
44
837
682
94
213
507
917
558
262
46
97
556
573
328
48
622
693
7
660
721
652
457
875
442
824
743
654
201
729
143
211
985
621
398
691
418
893
987
778
411
391
848
535
122
859
155
992
928
931
281
706
307
258
263
206
398
643
322
284
18
958
834
996
257
982
743
350
89
781
449
354
9
170
276
970
268
453
540
740
34
469
849
541
337
369
425
567
366
38
150
368
411
916
144
350
270
907
658
694
148
873
251
692
872
909
881
980
70
78
813
302
766
150
874
564
33
266
563
66
381
826
255
858
675
543
293
543
293
953
447
681
236
1
344
930
463
491
70
54
183
257
609
315
84
318
215
43
138
394
900
248
804
496
69
991
163
95
14
522
996
589
580
88
859
269
630
491
9
388
264
339
265
791
854
615
565
482
26
852
197
664
661
994
354
939
285
976
836
219
374
302
754
446
233
830
508
625
229
663
799
96
912
467
374
618
836
878
850
686
393
982
384
797
649
304
447
361
127
615
642
53
566
305
271
838
861
673
650
60
169
561
277
609
95
247
417
914
611
130
859
899
677
243
187
861
804
969
314
433
140
467
932
735
541
396
702
342
422
650
276
908
508
269
139
61
324
206
846
592
333
294
54
370
318
763
207
44
189
47
451
422
600
393
296
522
236
810
880
19
899
70
332
236
708
402
95
194
786
839
346
392
221
697
727
89
328
420
99
662
720
222
12
398
263
548
93
23
59
906
493
287
665
559
1000
86
108
955
793
615
183
991
105
359
653
550
743
508
461
440
998
353
882
403
531
368
737
174
233
197
697
885
509
242
881
39
205
312
738
589
524
889
848
99
296
160
593
629
376
989
438
617
88
420
894
364
244
698
334
377
852
214
573
766
287
823
497
502
303
404
512
740
254
950
973
823
916
718
429
178
961
208
835
504
188
495
691
512
975
639
724
827
47
204
228
877
567
239
938
54
263
410
468
672
271
320
214
840
934
874
109
526
237
226
380
944
773
504
736
785
819
71
363
651
842
628
993
930
508
288
707
874
858
59
2
208
582
932
29
303
23
983
856
229
631
945
451
508
582
878
957
204
520
63
61
783
953
405
316
700
54
910
464
766
981
938
141
974
389
735
57
715
809
878
202
951
124
864
997
726
244
239
857
546
985
395
292
68
387
401
87
948
611
397
222
271
823
536
271
279
492
233
520
46
460
866
199
52
679
243
143
270
932
24
313
288
166
417
834
597
845
98
428
847
626
640
763
293
541
194
830
439
611
642
878
405
84
684
824
987
318
58
218
589
867
51
725
786
100
305
606
145
24
518
692
798
756
69
820
768
216
554
787
973
637
12
848
80
966
869
357
140
327
398
896
523
170
262
185
862
724
850
258
778
556
736
258
922
774
766
546
233
539
731
924
617
496
603
490
279
986
866
391
697
612
656
281
766
188
395
950
747
767
945
641
825
531
481
767
99
615
657
355
739
667
377
714
526
240
469
990
597
960
308
528
11
206
597
523
789
207
460
387
964
729
193
996
476
211
703
594
810
372
440
722
373
408
453
504
313
934
817
363
374
755
877
572
952
513
47
663
643
174
34
941
174
749
24
905
376
752
796
612
625
371
592
875
424
712
316
417
833
464
973
958
24
267
796
419
338
512
581
998
334
194
395
156
407
649
796
647
48
138
497
844
527
336
527
781
256
503
312
738
461
759
561
23
171
359
473
725
544
613
621
602
11
489
57
806
715
322
732
704
372
376
982
618
200
702
48
390
299
219
600
871
211
477
114
482
88
654
799
982
621
54
494
379
768
792
537
575
434
205
713
106
150
852
851
1000
439
942
389
990
843
411
232
886
308
572
526
903
364
592
264
178
339
552
72
445
369
45
554
910
206
826
372
294
286
348
345
596
659
66
726
86
856
280
739
246
379
11
571
548
566
985
803
740
28
91
499
315
554
770
268
245
847
913
251
279
219
179
157
392
638
894
381
870
46
593
753
900
283
263
560
465
3
678
179
618
340
513
594
935
104
653
435
950
774
197
126
556
156
964
761
482
179
460
440
511
810
157
995
429
416
986
831
921
708
858
165
43
592
1
390
477
479
231
232
291
422
849
920
705
419
176
308
218
805
321
951
941
349
357
815
776
372
733
396
220
939
366
909
662
947
695
250
997
179
171
471
851
994
915
813
105
322
229
125
108
991
288
20
787
787
931
436
440
169
94
417
998
19
216
970
674
180
38
762
229
501
281
689
8
367
667
570
715
793
625
563
846
408
53
418
654
660
467
958
710
831
884
409
481
486
739
909
569
510
300
515
999
500
446
782
35
360
974
754
587
796
429
457
966
538
715
35
947
680
778
828
616
946
164
167
671
330
798
715
463
306
341
653
276
849
701
794
833
97
983
825
622
384
56
916
578
433
344
2
483
47
283
181
930
523
946
873
158
674
927
234
591
349
536
321
980
860
346
18
549
982
606
309
278
775
85
244
577
565
312
779
395
452
762
354
187
700
820
339
496
743
548
389
173
989
539
618
692
909
302
841
427
568
608
984
517
298
962
137
277
587
828
259
170
679
501
756
98
151
434
403
692
530
866
542
119
765
515
339
52
939
425
594
310
882
319
51
882
79
414
150
217
608
578
84
307
210
172
127
895
800
171
39
997
718
617
1000
475
243
177
979
121
864
423
352
105
818
120
632
419
609
664
51
320
762
275
154
671
280
847
473
145
414
977
870
159
434
726
186
331
320
133
953
962
354
416
517
715
965
394
720
174
930
781
138
457
289
549
684
490
749
69
142
142
382
260
998
477
330
934
790
609
425
231
874
6
426
630
305
463
227
91
578
174
470
31
614
100
415
364
89
261
807
670
316
358
261
639
353
852
88
246
367
435
699
25
805
425
563
979
263
244
595
76
200
652
624
682
558
841
814
896
902
775
548
666
864
967
465
300
597
608
176
195
212
924
214
65
639
205
797
679
192
804
86
983
547
183
492
61
470
208
707
687
232
458
333
709
779
303
834
299
301
836
975
453
110
996
382
648
596
264
269
441
911
599
215
116
983
153
664
787
29
941
303
316
258
300
921
994
602
622
382
277
160
471
433
555
809
636
906
86
211
892
538
717
198
885
782
163
601
930
607
7
877
782
994
40
284
517
926
880
904
209
730
18
835
564
473
707
637
226
405
276
223
992
963
201
370
504
910
336
34
617
771
124
127
490
507
262
907
318
250
595
176
192
708
192
987
699
949
784
65
537
962
920
525
296
89
429
987
910
846
469
13
292
223
700
652
747
345
7
369
804
337
545
282
608
808
66
538
547
212
972
517
852
1
250
20
172
843
835
42
439
365
718
191
408
909
416
266
778
328
393
543
108
797
748
768
921
72
299
469
50
63
566
83
49
729
680
842
9
423
375
128
784
898
87
320
750
79
416
866
324
254
883
493
906
660
87
450
769
296
503
414
969
859
279
753
12
955
720
147
626
949
943
829
71
892
342
142
472
801
548
456
857
463
595
801
515
505
890
245
410
649
376
678
263
720
973
508
792
40
173
348
370
613
803
224
751
492
280
908
90
792
622
406
50
255
30
216
144
470
675
877
80
208
559
10
448
659
74
484
883
186
607
618
24
531
952
864
676
615
193
413
783
568
234
648
685
875
645
19
105
198
819
526
760
513
396
926
241
219
132
134
178
589
436
410
790
162
959
287
373
179
407
834
456
763
683
15
984
529
143
249
363
934
631
920
436
335
36
313
747
226
78
975
898
42
252
949
452
17
253
588
858
294
71
698
847
675
948
665
512
400
486
785
490
659
874
28
92
80
315
530
42
922
816
648
323
416
797
945
566
167
174
850
10
473
713
819
691
643
419
937
494
281
237
517
127
553
522
271
4
73
524
165
866
916
221
242
602
741
386
664
353
475
569
761
754
80
999
369
599
122
362
933
631
232
298
604
72
578
867
112
575
337
492
814
566
501
60
439
134
773
352
753
474
860
973
983
767
502
892
415
594
5
323
135
900
296
268
459
365
371
553
860
973
372
897
913
331
390
434
76
344
331
229
529
646
316
228
631
739
753
193
606
694
966
966
948
912
711
220
180
596
987
319
182
580
99
507
119
117
467
452
326
754
425
278
602
578
99
569
964
106
57
904
367
91
540
966
138
762
718
181
769
958
849
979
974
372
814
179
433
702
813
282
535
497
104
449
527
837
681
511
539
686
888
513
97
149
266
355
514
17
83
122
987
250
655
340
654
141
528
895
465
139
635
188
511
27
880
521
596
936
37
822
55
667
703
932
944
914
363
613
439
303
600
212
788
700
738
233
379
123
232
181
275
386
280
159
344
414
401
216
383
346
208
957
761
725
645
417
637
861
277
53
601
332
563
246
80
854
578
163
883
277
945
835
823
627
492
410
800
480
271
151
353
127
459
705
519
904
109
810
287
394
220
278
824
888
710
269
845
562
324
353
784
706
493
57
174
564
807
984
16
828
801
491
986
921
673
356
536
292
496
251
668
601
687
756
221
931
317
229
516
362
515
241
702
993
140
988
25
843
150
446
288
444
306
630
105
631
435
309
585
270
464
689
810
539
400
141
705
340
759
110
633
135
170
342
392
954
439
957
930
384
97
984
141
6
742
70
749
839
611
446
704
487
505
653
127
262
739
228
982
343
251
150
705
734
731
699
939
513
489
296
501
748
694
240
665
967
647
305
514
205
666
48
809
620
675
402
778
138
27
849
795
377
181
674
74
726
375
669
982
225
124
789
894
747
926
650
723
737
300
876
395
51
254
417
777
950
500
982
732
147
156
957
924
467
225
717
829
247
356
206
745
522
261
912
379
927
927
180
835
524
929
51
981
508
184
33
380
32
374
381
740
906
362
410
238
212
326
503
152
659
337
175
800
22
773
658
584
890
695
643
452
697
884
805
965
503
149
622
656
455
712
309
38
934
75
536
928
14
715
469
656
658
346
138
103
281
413
754
443
206
113
433
379
630
427
149
737
383
5
823
157
722
715
516
806
227
66
685
271
93
152
330
956
717
926
586
554
63
887
786
565
669
932
172
493
303
500
109
449
673
334
183
90
613
309
212
853
923
546
701
283
642
549
613
869
639
917
192
646
636
786
878
352
469
381
739
821
797
543
479
674
929
466
886
188
697
790
975
999
411
837
412
361
460
147
545
241
860
232
521
70
528
645
102
242
316
836
53
297
42
601
161
380
853
574
775
952
329
879
553
852
981
603
552
645
522
923
24
162
690
722
69
144
395
10
477
837
626
879
57
693
685
570
875
241
807
655
571
465
230
373
409
858
148
103
733
173
49
151
606
594
976
961
519
368
360
124
400
291
994
955
784
434
990
270
622
538
380
981
384
388
356
175
958
6
334
153
238
296
992
622
101
816
232
347
7
788
207
7
238
989
454
256
611
629
24
295
189
75
581
438
473
994
278
664
507
405
962
30
868
119
775
379
82
645
47
804
196
915
378
310
518
51
627
421
370
45
256
430
214
438
747
842
118
201
393
630
522
261
136
388
323
965
23
5
753
180
494
399
385
942
454
266
609
49
302
954
447
817
651
983
966
797
815
319
932
100
137
85
563
582
807
537
111
492
252
249
615
923
182
720
637
199
549
348
897
194
782
736
740
435
657
581
43
562
374
698
316
875
575
523
589
45
371
844
612
258
674
849
844
815
980
430
762
527
659
813
657
519
479
392
144
898
340
620
901
828
113
926
456
916
969
626
73
990
682
974
883
309
443
90
610
397
947
666
697
916
783
278
719
858
25
161
57
150
975
85
928
664
222
856
419
196
350
932
881
777
492
641
717
101
452
801
692
885
418
206
52
797
877
630
461
327
344
214
186
833
203
890
586
323
268
437
689
839
798
904
412
233
292
943
44
133
284
927
306
536
252
460
95
225
146
525
195
895
255
314
277
484
155
663
810
459
88
433
637
42
87
863
38
509
405
561
660
621
934
428
2
942
656
574
493
1
162
521
204
210
602
309
775
148
893
221
398
548
402
222
564
816
931
251
325
276
426
513
46
502
313
803
591
576
105
679
945
178
860
284
473
551
322
500
13
883
929
590
32
714
226
926
131
486
93
441
142
953
600
807
654
52
573
601
481
969
436
164
311
244
145
797
978
824
606
402
963
948
15
175
962
353
501
261
901
300
494
340
554
441
439
742
516
341
526
291
238
567
283
31
392
342
657
20
389
996
893
573
580
612
295
890
263
475
686
353
50
112
780
867
206
985
839
200
202
933
238
150
8
559
177
844
372
643
343
616
433
333
462
931
219
791
158
911
774
111
545
522
740
253
605
721
464
233
62
243
70
21
169
43
919
576
607
670
805
279
357
199
135
115
716
223
764
178
575
641
864
245
414
304
718
644
211
557
996
33
879
277
365
913
387
451
892
958
690
153
42
8
167
344
394
94
183
505
490
469
806
579
140
784
61
537
67
162
92
233
214
623
573
735
394
332
802
151
748
251
670
50
78
257
559
662
289
181
885
751
634
433
446
814
73
896
980
63
460
927
95
318
681
878
519
650
605
390
972
329
595
471
849
264
177
24
998
10
932
29
52
788
508
591
358
948
919
40
543
283
776
643
1000
506
806
275
408
671
943
580
864
126
253
400
111
999
592
475
389
208
594
492
731
353
10
226
964
447
961
50
991
424
272
823
896
185
187
208
306
907
928
669
282
745
384
211
673
229
603
621
273
153
543
105
110
530
501
251
994
880
561
847
285
684
771
315
968
654
723
375
710
98
382
38
688
50
561
881
834
227
686
737
132
344
123
871
231
712
499
108
493
220
463
836
286
279
145
798
270
900
361
105
273
647
743
283
784
710
639
419
644
235
880
325
293
221
783
436
698
927
803
512
892
235
503
986
65
845
837
40
218
478
713
511
510
167
569
994
902
732
790
304
955
107
112
132
339
191
153
486
665
822
885
633
158
662
637
958
193
107
352
659
29
478
873
8
168
318
490
35
475
796
868
384
463
792
213
455
666
675
720
949
951
567
807
805
650
707
503
479
781
434
656
172
86
169
270
757
318
365
969
206
355
541
952
874
875
81
553
572
76
164
97
787
915
97
963
609
422
693
748
426
460
495
33
953
719
880
480
148
613
396
325
646
464
265
359
365
255
385
306
773
611
275
185
707
393
226
996
642
999
325
772
624
29
511
132
234
371
942
109
581
748
50
880
538
130
312
518
221
559
379
226
601
958
328
483
177
301
88
254
551
37
993
239
723
629
36
41
356
871
742
96
759
503
906
125
170
540
659
489
760
622
242
809
34
402
507
739
885
123
664
620
996
54
433
76
379
164
82
573
650
669
588
139
889
626
825
884
751
967
973
806
170
954
677
836
830
462
692
603
247
746
504
90
651
734
981
582
722
320
94
947
10
262
592
927
210
206
629
548
367
487
14
483
117
169
127
277
313
383
595
306
376
247
317
87
690
570
464
812
143
648
901
136
865
186
751
740
773
911
83
399
939
189
527
21
995
319
99
286
915
820
536
420
775
125
52
532
868
418
523
898
194
160
669
684
195
297
907
413
244
333
467
608
472
519
854
792
600
768
239
984
244
667
529
735
1000
231
155
181
70
175
985
144
293
426
699
397
982
288
454
468
896
237
110
862
831
322
22
3
885
199
667
86
936
122
922
212
152
859
272
538
531
667
303
745
646
636
301
849
307
732
865
305
174
8
411
939
997
445
792
603
847
362
307
581
719
806
787
23
87
833
283
588
157
651
26
728
981
248
260
937
619
763
168
712
112
346
440
242
556
669
56
847
667
940
636
800
135
518
445
456
178
822
637
784
718
754
784
620
473
599
305
148
812
277
282
477
430
505
135
34
607
177
9
907
559
437
876
5
786
923
506
16
364
950
156
274
322
795
317
742
809
693
333
186
656
925
173
199
946
552
749
966
1
927
915
882
387
71
668
541
639
152
33
635
577
973
952
930
704
169
575
526
496
25
420
373
909
690
860
790
810
738
899
297
157
795
211
694
378
781
707
110
846
445
144
153
822
456
776
263
205
539
460
301
40
540
71
235
294
436
289
237
896
545
182
737
404
420
902
209
766
224
466
598
20
776
54
13
883
302
962
408
973
